tensor([[[0.0072, 0.0598, 0.3681, 0.0085],
         [0.0097, 0.0629, 0.3623, 0.0093],
         [0.0100, 0.0629, 0.3633, 0.0095],
         ...,
         [0.0142, 0.0680, 0.3546, 0.0074],
         [0.0147, 0.0686, 0.3508, 0.0065],
         [0.0151, 0.0692, 0.3472, 0.0058]]], device='cuda:0',
       grad_fn=<CopyBackwards>)
tensor([[[ 0.0420,  0.0223, -0.0754],
         [ 0.0428,  0.0183, -0.0707],
         [ 0.0425,  0.0185, -0.0709],
         ...,
         [ 0.0423,  0.0160, -0.0625],
         [ 0.0422,  0.0149, -0.0607],
         [ 0.0421,  0.0138, -0.0591]]], device='cuda:0',
       grad_fn=<CopyBackwards>)
tensor([[[0.5186],
         [0.5190],
         [0.5190],
         [0.5188],
         [0.5200],
         [0.5200],
         [0.5199],
         [0.5199],
         [0.5199],
         [0.5199],
         [0.5199],
         [0.5199],
         [0.5199],
         [0.5199],
         [0.5199],
         [0.5199],
         [0.5199],
         [0.5199],
         [0.5199],
         [0.5198],
         [0.5198],
         [0.5197],
         [0.5197],
         [0.5196],
         [0.5196],
         [0.5195],
         [0.5195],
         [0.5194],
         [0.5193],
         [0.5193],
         [0.5192],
         [0.5192],
         [0.5191],
         [0.5191],
         [0.5190],
         [0.5190],
         [0.5190],
         [0.5190],
         [0.5190],
         [0.5190],
         [0.5190],
         [0.5190],
         [0.5190],
         [0.5191],
         [0.5190],
         [0.5189],
         [0.5185],
         [0.5185],
         [0.5194],
         [0.5175],
         [0.5199],
         [0.5198],
         [0.5184],
         [0.5183],
         [0.5183],
         [0.5183],
         [0.5183],
         [0.5183],
         [0.5183],
         [0.5183],
         [0.5183],
         [0.5183],
         [0.5183],
         [0.5183],
         [0.5184],
         [0.5184],
         [0.5184],
         [0.5184],
         [0.5184],
         [0.5193],
         [0.5184],
         [0.5186],
         [0.5187],
         [0.5187],
         [0.5186],
         [0.5186],
         [0.5190],
         [0.5190],
         [0.5188],
         [0.5200],
         [0.5200],
         [0.5199],
         [0.5199],
         [0.5199],
         [0.5199],
         [0.5199],
         [0.5199],
         [0.5199],
         [0.5199],
         [0.5199],
         [0.5199],
         [0.5199],
         [0.5199],
         [0.5199],
         [0.5198],
         [0.5198],
         [0.5197],
         [0.5197],
         [0.5196],
         [0.5196],
         [0.5195],
         [0.5195],
         [0.5194],
         [0.5193],
         [0.5193],
         [0.5192],
         [0.5192],
         [0.5191],
         [0.5191],
         [0.5190],
         [0.5190],
         [0.5190],
         [0.5190],
         [0.5190],
         [0.5190],
         [0.5190],
         [0.5190],
         [0.5190],
         [0.5191],
         [0.5190],
         [0.5189],
         [0.5185],
         [0.5185],
         [0.5194],
         [0.5175],
         [0.5199],
         [0.5198],
         [0.5184],
         [0.5183],
         [0.5183],
         [0.5183],
         [0.5183],
         [0.5183],
         [0.5183],
         [0.5183],
         [0.5183],
         [0.5183],
         [0.5183],
         [0.5183],
         [0.5184],
         [0.5184],
         [0.5184],
         [0.5184],
         [0.5184],
         [0.5193],
         [0.5184],
         [0.5186],
         [0.5187],
         [0.5187],
         [0.5186],
         [0.5186],
         [0.5190],
         [0.5190],
         [0.5188],
         [0.5200],
         [0.5200],
         [0.5199],
         [0.5199],
         [0.5199],
         [0.5199],
         [0.5199],
         [0.5199],
         [0.5199],
         [0.5199],
         [0.5199],
         [0.5199],
         [0.5199],
         [0.5199],
         [0.5199],
         [0.5198],
         [0.5198],
         [0.5197],
         [0.5197],
         [0.5196],
         [0.5196],
         [0.5195],
         [0.5195],
         [0.5194],
         [0.5193],
         [0.5193],
         [0.5192],
         [0.5192],
         [0.5191],
         [0.5191],
         [0.5190],
         [0.5190],
         [0.5190],
         [0.5190],
         [0.5190],
         [0.5190],
         [0.5190],
         [0.5190],
         [0.5190],
         [0.5191],
         [0.5190],
         [0.5189],
         [0.5185],
         [0.5185],
         [0.5194],
         [0.5175],
         [0.5199],
         [0.5198],
         [0.5184],
         [0.5183],
         [0.5183],
         [0.5183],
         [0.5183],
         [0.5183],
         [0.5183],
         [0.5183],
         [0.5183],
         [0.5183],
         [0.5183],
         [0.5183],
         [0.5184],
         [0.5184],
         [0.5184],
         [0.5184],
         [0.5184],
         [0.5193],
         [0.5184],
         [0.5186],
         [0.5187],
         [0.5187],
         [0.5186],
         [0.5186],
         [0.5190],
         [0.5190],
         [0.5188],
         [0.5200],
         [0.5200],
         [0.5199],
         [0.5199],
         [0.5199],
         [0.5199],
         [0.5199],
         [0.5199],
         [0.5199],
         [0.5199],
         [0.5199],
         [0.5199],
         [0.5199],
         [0.5199],
         [0.5199],
         [0.5198],
         [0.5198],
         [0.5197],
         [0.5197],
         [0.5196],
         [0.5196],
         [0.5195],
         [0.5195],
         [0.5194],
         [0.5193],
         [0.5193],
         [0.5192],
         [0.5192],
         [0.5191],
         [0.5191],
         [0.5190],
         [0.5190],
         [0.5190],
         [0.5190],
         [0.5190],
         [0.5190],
         [0.5190],
         [0.5190],
         [0.5190],
         [0.5191],
         [0.5190],
         [0.5189],
         [0.5185],
         [0.5185],
         [0.5194],
         [0.5175],
         [0.5199],
         [0.5198],
         [0.5184],
         [0.5183],
         [0.5183],
         [0.5183],
         [0.5183],
         [0.5183],
         [0.5183],
         [0.5183],
         [0.5183],
         [0.5183],
         [0.5183],
         [0.5183],
         [0.5184],
         [0.5184],
         [0.5184],
         [0.5184],
         [0.5184],
         [0.5193],
         [0.5184],
         [0.5186],
         [0.5187],
         [0.5187],
         [0.5186],
         [0.5186],
         [0.5190],
         [0.5190],
         [0.5188],
         [0.5200],
         [0.5200],
         [0.5199],
         [0.5199],
         [0.5199],
         [0.5199],
         [0.5199],
         [0.5199],
         [0.5199],
         [0.5199],
         [0.5199],
         [0.5199],
         [0.5199],
         [0.5199],
         [0.5199],
         [0.5198],
         [0.5198],
         [0.5197],
         [0.5197],
         [0.5196],
         [0.5196],
         [0.5195],
         [0.5195],
         [0.5194],
         [0.5193],
         [0.5193],
         [0.5192],
         [0.5192],
         [0.5191],
         [0.5191],
         [0.5190],
         [0.5190],
         [0.5190],
         [0.5190],
         [0.5190],
         [0.5190],
         [0.5190],
         [0.5190],
         [0.5190],
         [0.5191],
         [0.5190],
         [0.5189],
         [0.5185],
         [0.5185],
         [0.5194],
         [0.5175],
         [0.5199],
         [0.5198],
         [0.5184],
         [0.5183],
         [0.5183],
         [0.5183],
         [0.5183],
         [0.5183],
         [0.5183],
         [0.5183],
         [0.5183],
         [0.5183],
         [0.5183],
         [0.5183],
         [0.5184],
         [0.5184],
         [0.5184],
         [0.5184],
         [0.5184],
         [0.5193],
         [0.5184],
         [0.5186],
         [0.5187],
         [0.5187],
         [0.5186],
         [0.5186],
         [0.5190],
         [0.5190],
         [0.5188],
         [0.5200],
         [0.5200],
         [0.5199],
         [0.5199],
         [0.5199],
         [0.5199],
         [0.5199],
         [0.5199],
         [0.5199],
         [0.5199],
         [0.5199],
         [0.5199],
         [0.5199],
         [0.5199],
         [0.5199],
         [0.5198],
         [0.5198],
         [0.5197],
         [0.5197],
         [0.5196],
         [0.5196],
         [0.5195],
         [0.5195],
         [0.5194],
         [0.5193],
         [0.5193],
         [0.5192],
         [0.5192],
         [0.5191],
         [0.5191],
         [0.5190],
         [0.5190],
         [0.5190],
         [0.5190],
         [0.5190],
         [0.5190],
         [0.5190],
         [0.5190],
         [0.5190],
         [0.5191],
         [0.5190],
         [0.5189],
         [0.5185],
         [0.5185],
         [0.5194],
         [0.5175],
         [0.5199],
         [0.5198],
         [0.5184],
         [0.5183],
         [0.5183],
         [0.5183],
         [0.5183],
         [0.5183],
         [0.5183],
         [0.5183],
         [0.5183],
         [0.5183],
         [0.5183],
         [0.5183],
         [0.5184],
         [0.5184],
         [0.5184],
         [0.5184],
         [0.5184],
         [0.5193],
         [0.5184],
         [0.5186],
         [0.5187],
         [0.5187],
         [0.5186],
         [0.5186],
         [0.5190],
         [0.5190],
         [0.5188],
         [0.5200],
         [0.5200],
         [0.5199],
         [0.5199],
         [0.5199],
         [0.5199],
         [0.5199],
         [0.5199],
         [0.5199],
         [0.5199],
         [0.5199],
         [0.5199],
         [0.5199],
         [0.5199],
         [0.5199],
         [0.5198],
         [0.5198],
         [0.5197],
         [0.5197],
         [0.5196],
         [0.5196],
         [0.5195],
         [0.5195],
         [0.5194],
         [0.5193],
         [0.5193],
         [0.5192],
         [0.5192],
         [0.5191],
         [0.5191],
         [0.5190],
         [0.5190],
         [0.5190],
         [0.5190],
         [0.5190],
         [0.5190],
         [0.5190],
         [0.5190],
         [0.5190],
         [0.5191],
         [0.5190],
         [0.5189],
         [0.5185],
         [0.5185],
         [0.5194],
         [0.5175],
         [0.5199],
         [0.5198],
         [0.5184],
         [0.5183],
         [0.5183],
         [0.5183],
         [0.5183],
         [0.5183],
         [0.5183],
         [0.5183],
         [0.5183],
         [0.5183],
         [0.5183],
         [0.5183],
         [0.5184],
         [0.5184],
         [0.5184],
         [0.5184],
         [0.5184],
         [0.5193],
         [0.5184],
         [0.5186],
         [0.5187],
         [0.5187],
         [0.5186],
         [0.5186],
         [0.5190],
         [0.5190],
         [0.5188],
         [0.5200],
         [0.5200],
         [0.5199],
         [0.5199],
         [0.5199],
         [0.5199],
         [0.5199],
         [0.5199],
         [0.5199],
         [0.5199],
         [0.5199],
         [0.5199],
         [0.5199],
         [0.5199],
         [0.5199],
         [0.5198],
         [0.5198],
         [0.5197],
         [0.5197],
         [0.5196],
         [0.5196],
         [0.5195],
         [0.5195],
         [0.5194],
         [0.5193],
         [0.5193],
         [0.5192],
         [0.5192],
         [0.5191],
         [0.5191],
         [0.5190],
         [0.5190],
         [0.5190],
         [0.5190],
         [0.5190],
         [0.5190],
         [0.5190],
         [0.5190],
         [0.5190],
         [0.5191],
         [0.5190],
         [0.5189],
         [0.5185],
         [0.5185],
         [0.5194],
         [0.5175],
         [0.5199],
         [0.5198],
         [0.5184],
         [0.5183],
         [0.5183],
         [0.5183],
         [0.5183],
         [0.5183],
         [0.5183],
         [0.5183],
         [0.5183],
         [0.5183],
         [0.5183],
         [0.5183],
         [0.5184],
         [0.5184],
         [0.5184],
         [0.5184],
         [0.5184],
         [0.5193],
         [0.5184],
         [0.5186],
         [0.5187],
         [0.5187],
         [0.5186],
         [0.5186],
         [0.5190],
         [0.5190],
         [0.5188],
         [0.5200],
         [0.5200],
         [0.5199],
         [0.5199],
         [0.5199],
         [0.5199],
         [0.5199],
         [0.5199],
         [0.5199],
         [0.5199],
         [0.5199],
         [0.5199],
         [0.5199],
         [0.5199],
         [0.5199],
         [0.5198],
         [0.5198],
         [0.5197],
         [0.5197],
         [0.5196],
         [0.5196],
         [0.5195],
         [0.5195],
         [0.5194],
         [0.5193],
         [0.5193],
         [0.5192],
         [0.5192],
         [0.5191],
         [0.5191],
         [0.5190],
         [0.5190],
         [0.5190],
         [0.5190],
         [0.5190],
         [0.5190],
         [0.5190],
         [0.5190],
         [0.5190],
         [0.5191],
         [0.5190],
         [0.5189],
         [0.5185],
         [0.5185],
         [0.5194],
         [0.5175],
         [0.5199],
         [0.5198],
         [0.5184],
         [0.5183],
         [0.5183],
         [0.5183],
         [0.5183],
         [0.5183],
         [0.5183],
         [0.5183],
         [0.5183],
         [0.5183],
         [0.5183],
         [0.5183],
         [0.5184],
         [0.5184],
         [0.5184],
         [0.5184],
         [0.5184],
         [0.5193],
         [0.5184],
         [0.5186],
         [0.5187],
         [0.5187],
         [0.5186],
         [0.5186],
         [0.5190],
         [0.5190],
         [0.5188],
         [0.5200],
         [0.5200],
         [0.5199],
         [0.5199],
         [0.5199],
         [0.5199],
         [0.5199],
         [0.5199],
         [0.5199],
         [0.5199],
         [0.5199],
         [0.5199],
         [0.5199],
         [0.5199],
         [0.5199],
         [0.5198],
         [0.5198],
         [0.5197],
         [0.5197],
         [0.5196],
         [0.5196],
         [0.5195],
         [0.5195],
         [0.5194],
         [0.5193],
         [0.5193],
         [0.5192],
         [0.5192],
         [0.5191],
         [0.5191],
         [0.5190],
         [0.5190],
         [0.5190],
         [0.5190],
         [0.5190],
         [0.5190],
         [0.5190],
         [0.5190],
         [0.5190],
         [0.5191],
         [0.5190],
         [0.5189],
         [0.5185],
         [0.5185],
         [0.5194],
         [0.5175],
         [0.5199],
         [0.5198],
         [0.5184],
         [0.5183],
         [0.5183],
         [0.5183],
         [0.5183],
         [0.5183],
         [0.5183],
         [0.5183],
         [0.5183],
         [0.5183],
         [0.5183],
         [0.5183],
         [0.5184],
         [0.5184],
         [0.5184],
         [0.5184],
         [0.5184],
         [0.5193],
         [0.5184],
         [0.5186],
         [0.5187],
         [0.5187],
         [0.5186],
         [0.5186],
         [0.5190],
         [0.5190],
         [0.5188],
         [0.5200],
         [0.5200],
         [0.5199],
         [0.5199],
         [0.5199],
         [0.5199],
         [0.5199],
         [0.5199],
         [0.5199],
         [0.5199],
         [0.5199],
         [0.5199],
         [0.5199],
         [0.5199],
         [0.5199],
         [0.5198],
         [0.5198],
         [0.5197],
         [0.5197],
         [0.5196],
         [0.5196],
         [0.5195],
         [0.5195],
         [0.5194],
         [0.5193],
         [0.5193],
         [0.5192],
         [0.5192],
         [0.5191],
         [0.5191],
         [0.5190],
         [0.5190],
         [0.5190],
         [0.5190],
         [0.5190],
         [0.5190],
         [0.5190],
         [0.5190],
         [0.5190],
         [0.5191],
         [0.5190],
         [0.5189],
         [0.5185],
         [0.5185],
         [0.5194],
         [0.5175],
         [0.5199],
         [0.5198],
         [0.5184],
         [0.5183],
         [0.5183],
         [0.5183],
         [0.5183],
         [0.5183],
         [0.5183],
         [0.5183],
         [0.5183],
         [0.5183],
         [0.5183],
         [0.5183],
         [0.5184],
         [0.5184],
         [0.5184],
         [0.5184],
         [0.5184],
         [0.5193],
         [0.5184],
         [0.5186],
         [0.5187],
         [0.5187],
         [0.5186],
         [0.5186],
         [0.5190],
         [0.5190],
         [0.5188],
         [0.5200],
         [0.5200],
         [0.5199],
         [0.5199],
         [0.5199],
         [0.5199],
         [0.5199],
         [0.5199],
         [0.5199],
         [0.5199],
         [0.5199],
         [0.5199],
         [0.5199],
         [0.5199],
         [0.5199],
         [0.5198],
         [0.5198],
         [0.5197],
         [0.5197],
         [0.5196],
         [0.5196],
         [0.5195],
         [0.5195],
         [0.5194],
         [0.5193],
         [0.5193],
         [0.5192],
         [0.5192],
         [0.5191],
         [0.5191],
         [0.5190],
         [0.5190],
         [0.5190],
         [0.5190],
         [0.5190],
         [0.5190],
         [0.5190],
         [0.5190],
         [0.5190],
         [0.5191],
         [0.5190],
         [0.5189],
         [0.5185],
         [0.5185],
         [0.5194],
         [0.5175],
         [0.5199],
         [0.5198],
         [0.5184],
         [0.5183],
         [0.5183],
         [0.5183],
         [0.5183],
         [0.5183],
         [0.5183],
         [0.5183],
         [0.5183],
         [0.5183],
         [0.5183],
         [0.5183],
         [0.5184],
         [0.5184],
         [0.5184],
         [0.5184],
         [0.5184],
         [0.5193],
         [0.5184],
         [0.5186],
         [0.5187],
         [0.5187],
         [0.5186],
         [0.5186],
         [0.5190],
         [0.5190],
         [0.5188],
         [0.5200],
         [0.5200],
         [0.5199],
         [0.5199],
         [0.5199],
         [0.5199],
         [0.5199],
         [0.5199],
         [0.5199],
         [0.5199],
         [0.5199],
         [0.5199],
         [0.5199],
         [0.5199],
         [0.5199],
         [0.5198],
         [0.5198],
         [0.5197],
         [0.5197],
         [0.5196],
         [0.5196],
         [0.5195],
         [0.5195],
         [0.5194],
         [0.5193],
         [0.5193],
         [0.5192],
         [0.5192],
         [0.5191],
         [0.5191],
         [0.5190],
         [0.5190],
         [0.5190],
         [0.5190],
         [0.5190],
         [0.5190],
         [0.5190],
         [0.5190],
         [0.5190],
         [0.5191],
         [0.5190],
         [0.5189],
         [0.5185],
         [0.5185],
         [0.5194],
         [0.5175],
         [0.5199],
         [0.5198],
         [0.5184],
         [0.5183],
         [0.5183],
         [0.5183],
         [0.5183],
         [0.5183],
         [0.5183],
         [0.5183],
         [0.5183],
         [0.5183],
         [0.5183],
         [0.5183],
         [0.5184],
         [0.5184],
         [0.5184],
         [0.5184],
         [0.5184],
         [0.5193],
         [0.5184],
         [0.5186],
         [0.5187],
         [0.5187],
         [0.5186],
         [0.5186],
         [0.5190],
         [0.5190],
         [0.5188],
         [0.5200],
         [0.5200],
         [0.5199],
         [0.5199],
         [0.5199],
         [0.5199],
         [0.5199],
         [0.5199],
         [0.5199],
         [0.5199],
         [0.5199],
         [0.5199],
         [0.5199],
         [0.5199],
         [0.5199],
         [0.5198],
         [0.5198],
         [0.5197],
         [0.5197],
         [0.5196],
         [0.5196]]], device='cuda:0', grad_fn=<TransposeBackward0>)
tensor([[[-14.0899, -13.3580, -13.4295,  ..., -14.5090, -14.4614, -14.4368],
         [-34.2201, -33.2477, -33.3083,  ..., -31.3015, -30.9004, -30.5249],
         [-23.9206, -22.0521, -22.1286,  ..., -21.6754, -21.4856, -21.3299],
         ...,
         [-19.5354, -18.6274, -18.7357,  ..., -19.8302, -19.7815, -19.7321],
         [-33.9739, -33.1912, -33.2175,  ..., -32.0878, -31.7157, -31.3991],
         [-39.1113, -37.9846, -38.1422,  ..., -38.3249, -38.0156, -37.6981]]],
       device='cuda:0')
