torch.Size([1, 1000, 3])
tensor([[[-0.0010, -0.1274,  0.9187],
         [ 0.0014, -0.1268,  0.9140],
         [-0.0034, -0.1266,  0.9218],
         ...,
         [-0.0296,  0.0063,  0.9171],
         [-0.0228,  0.0066,  0.9312],
         [-0.0319,  0.0075,  0.9150]]], device='cuda:0')
torch.Size([1, 1, 1000])
tensor([[[ 4156,  4158,  4314,  4317,  4318,  4474,  4475,  4631,  4638,  4792,
           4794,  4797,  4953,  4956,  5118,  5119,  5434,  5435,  5589,  5590,
           5758,  5907,  5912,  5913,  5918,  6062,  6063,  6071,  6074,  6078,
           6223,  6225,  6227,  6238,  6239,  6398,  6549,  6552,  6559,  6699,
           6703,  6705,  6708,  6711,  6715,  6856,  6857,  6858,  6860,  6873,
           7020,  7025,  7029,  7032,  7033,  7034,  7179,  7180,  7182,  7186,
           7187,  7188,  7193,  7195,  7335,  7351,  7358,  7494,  7499,  7503,
           7511,  7512,  7513,  7515,  7651,  7656,  7657,  7658,  7660,  7667,
           7672,  7673,  7827,  7971,  7972,  7975,  7976,  7980,  7981,  7982,
           7983,  7985,  7989,  7991,  7995,  8129,  8130,  8137,  8141,  8151,
           8157,  8159,  8293,  8300,  8312,  8313,  8314,  8449,  8451,  8453,
           8454,  8464,  8468,  8471,  8476,  8611,  8612,  8615,  8623,  8628,
           8629,  8634,  8635,  8637,  8638,  8784,  8792,  8797,  8923,  8926,
           8927,  8936,  8949,  8950,  9081,  9083,  9092,  9097,  9098,  9099,
           9102,  9115,  9117,  9246,  9252,  9254,  9255,  9256,  9259,  9262,
           9266,  9267,  9268,  9270,  9272,  9278,  9403,  9411,  9413,  9418,
           9423,  9427,  9429,  9436,  9562,  9575,  9583,  9584,  9589,  9590,
           9598,  9720,  9721,  9726,  9727,  9734,  9737,  9741,  9751,  9755,
           9756,  9758,  9759,  9877,  9880,  9889,  9891,  9897,  9902,  9905,
           9907,  9913,  9915, 10035, 10039, 10043, 10047, 10052, 10054, 10055,
          10056, 10062, 10069, 10201, 10203, 10205, 10206, 10211, 10212, 10215,
          10217, 10225, 10230, 10359, 10363, 10366, 10367, 10376, 10383, 10387,
          10392, 10513, 10515, 10516, 10523, 10525, 10526, 10539, 10540, 10541,
          10549, 10554, 10676, 10683, 10684, 10690, 10692, 10695, 10701, 10707,
          10709, 10715, 10717, 10718, 10832, 10833, 10834, 10837, 10843, 10852,
          10855, 10858, 10859, 10863, 10879, 10989, 10990, 10992, 11001, 11003,
          11013, 11015, 11016, 11017, 11036, 11149, 11151, 11155, 11160, 11163,
          11165, 11170, 11174, 11180, 11181, 11189, 11192, 11193, 11194, 11317,
          11326, 11339, 11343, 11344, 11350, 11469, 11470, 11478, 11487, 11488,
          11490, 11495, 11498, 11502, 11508, 11509, 11511, 11516, 11626, 11635,
          11636, 11644, 11653, 11663, 11664, 11677, 11793, 11797, 11824, 11827,
          11831, 11835, 11946, 11948, 11949, 11950, 11951, 11952, 11967, 11975,
          11996, 11998, 12105, 12107, 12114, 12115, 12123, 12125, 12126, 12131,
          12132, 12138, 12144, 12152, 12263, 12264, 12270, 12275, 12277, 12280,
          12283, 12286, 12292, 12298, 12299, 12302, 12304, 12306, 12307, 12314,
          12424, 12425, 12428, 12432, 12437, 12442, 12443, 12448, 12449, 12455,
          12456, 12461, 12462, 12464, 12468, 12472, 12581, 12583, 12588, 12601,
          12610, 12613, 12618, 12620, 12623, 12627, 12632, 12737, 12745, 12749,
          12750, 12751, 12769, 12771, 12773, 12786, 12790, 12793, 12794, 12899,
          12902, 12903, 12908, 12909, 12911, 12912, 12926, 12929, 12932, 12936,
          12944, 12952, 12953, 12954, 12957, 12958, 13055, 13058, 13061, 13063,
          13066, 13071, 13072, 13073, 13076, 13077, 13078, 13091, 13094, 13096,
          13118, 13234, 13235, 13238, 13240, 13242, 13243, 13249, 13251, 13252,
          13255, 13262, 13268, 13275, 13276, 13278, 13374, 13377, 13378, 13379,
          13385, 13393, 13397, 13409, 13411, 13419, 13421, 13423, 13429, 13535,
          13538, 13540, 13544, 13545, 13547, 13548, 13551, 13553, 13558, 13560,
          13565, 13567, 13568, 13575, 13580, 13583, 13691, 13692, 13694, 13699,
          13708, 13711, 13713, 13715, 13726, 13729, 13730, 13732, 13745, 13746,
          13852, 13853, 13860, 13861, 13864, 13867, 13872, 13879, 13888, 13898,
          13902, 13906, 13915, 13919, 14017, 14018, 14019, 14022, 14025, 14027,
          14031, 14037, 14039, 14042, 14046, 14050, 14065, 14068, 14070, 14074,
          14170, 14176, 14183, 14196, 14201, 14202, 14204, 14205, 14212, 14219,
          14222, 14230, 14234, 14235, 14239, 14334, 14341, 14348, 14357, 14364,
          14369, 14372, 14373, 14377, 14382, 14383, 14389, 14393, 14396, 14489,
          14490, 14497, 14507, 14508, 14516, 14519, 14524, 14532, 14544, 14545,
          14546, 14549, 14559, 14647, 14648, 14656, 14657, 14659, 14662, 14665,
          14668, 14671, 14676, 14683, 14684, 14685, 14689, 14695, 14708, 14710,
          14716, 14810, 14816, 14817, 14821, 14827, 14839, 14841, 14846, 14847,
          14849, 14850, 14851, 14852, 14855, 14857, 14868, 14871, 14872, 14875,
          14877, 14982, 14985, 14986, 14987, 14995, 14997, 14999, 15001, 15003,
          15005, 15007, 15014, 15018, 15031, 15139, 15150, 15153, 15163, 15164,
          15171, 15183, 15184, 15185, 15190, 15195, 15292, 15295, 15296, 15297,
          15298, 15300, 15308, 15309, 15310, 15312, 15317, 15319, 15323, 15326,
          15327, 15330, 15333, 15336, 15343, 15348, 15351, 15354, 15357, 15461,
          15470, 15473, 15475, 15478, 15501, 15503, 15504, 15511, 15516, 15614,
          15623, 15637, 15638, 15647, 15648, 15656, 15657, 15658, 15659, 15663,
          15677, 15774, 15775, 15776, 15780, 15788, 15791, 15795, 15804, 15807,
          15809, 15811, 15814, 15815, 15816, 15821, 15822, 15829, 15833, 15836,
          15839, 15934, 15939, 15944, 15946, 15947, 15953, 15969, 15971, 15984,
          15985, 15986, 15992, 15994, 15995, 15999, 16096, 16099, 16103, 16107,
          16109, 16117, 16123, 16126, 16128, 16133, 16134, 16136, 16141, 16142,
          16258, 16263, 16271, 16280, 16283, 16287, 16291, 16299, 16302, 16307,
          16312, 16317, 16420, 16426, 16430, 16431, 16435, 16440, 16453, 16467,
          16470, 16476, 16478, 16607, 16610, 16612, 16617, 16621, 16624, 16625,
          16626, 16631, 16740, 16743, 16747, 16750, 16754, 16760, 16761, 16773,
          16774, 16775, 16776, 16792, 16793, 16901, 16912, 16918, 16919, 16928,
          16940, 16942, 16958, 16959, 17059, 17074, 17078, 17081, 17082, 17092,
          17097, 17103, 17111, 17112, 17116, 17225, 17235, 17238, 17246, 17247,
          17258, 17263, 17265, 17271, 17272, 17273, 17274, 17275, 17396, 17398,
          17402, 17409, 17420, 17550, 17558, 17559, 17561, 17575, 17577, 17582,
          17585, 17587, 17588, 17590, 17595, 17596, 17597, 17723, 17742, 17743,
          17751, 17866, 17872, 17878, 17880, 17892, 17899, 17906, 17907, 17916,
          18025, 18026, 18039, 18044, 18046, 18050, 18058, 18061, 18063, 18067,
          18070, 18072, 18073, 18074, 18075, 18079, 18188, 18204, 18209, 18210,
          18212, 18223, 18230, 18233, 18234, 18235, 18351, 18359, 18365, 18376,
          18383, 18393, 18395, 18508, 18510, 18524, 18525, 18530, 18533, 18539,
          18549, 18671, 18674, 18676, 18678, 18680, 18687, 18688, 18690, 18695,
          18696, 18698, 18702, 18707, 18708, 18712, 18714, 18831, 18845, 18852,
          18859, 18865, 18872, 18877, 18878, 18997, 18998, 19007, 19010, 19015,
          19020, 19022, 19023, 19024, 19025, 19026, 19032, 19035, 19153, 19162,
          19167, 19173, 19182, 19191, 19318, 19320, 19331, 19333, 19345, 19352,
          19482, 19484, 19496, 19498, 19510, 19512, 19635, 19636, 19641, 19648,
          19650, 19651, 19660, 19670, 19671, 19674, 19798, 19801, 19802, 19804,
          19812, 19815, 19816, 19825, 19972, 19973, 19984, 19988, 19990, 20122,
          20123, 20125, 20136, 20137, 20144, 20146, 20147, 20149, 20291, 20297,
          20298, 20306, 20446, 20447, 20453, 20455, 20468, 20600, 20601, 20610,
          20611, 20623, 20627, 20760, 20764, 20766, 20767, 20772, 20773, 20774,
          20779, 20784, 20932, 20937, 20940, 20941, 20943, 20946, 21083, 21094,
          21101, 21249, 21252, 21256, 21257, 21260, 21408, 21567, 21571, 21573,
          21574, 21576, 21739, 21888, 21889, 21894, 21895, 22052, 22058, 22210]]],
       device='cuda:0')
torch.Size([1, 3, 160, 160])
tensor([[[[814.4760, 818.8428, 814.4760,  ..., 858.1441, 858.1441, 858.1441],
          [805.7424, 810.1091, 810.1091,  ..., 879.9781, 875.6113, 866.8777],
          [801.3755, 797.0087, 801.3755,  ..., 879.9781, 884.3450, 888.7118],
          ...,
          [456.3974, 369.0611, 290.4585,  ..., 591.7686, 609.2358, 631.0699],
          [395.2620, 329.7598, 290.4585,  ..., 583.0349, 596.1354, 626.7031],
          [465.1310, 452.0305, 425.8297,  ..., 556.8340, 583.0349, 604.8690]],

         [[814.9286, 828.3214, 828.3214,  ..., 872.9643, 872.9643, 872.9643],
          [806.0000, 819.3929, 823.8571,  ..., 895.2857, 886.3571, 877.4286],
          [801.5357, 801.5357, 810.4643,  ..., 890.8214, 895.2857, 904.2143],
          ...,
          [471.1786, 404.2143, 337.2500,  ..., 520.2857, 533.6785, 556.0000],
          [408.6786, 355.1071, 328.3214,  ..., 497.9643, 515.8214, 542.6071],
          [480.1071, 471.1786, 453.3214,  ..., 471.1786, 497.9643, 524.7500]],

         [[767.0844, 771.5289, 775.9733,  ..., 838.1956, 838.1956, 829.3066],
          [758.1956, 762.6400, 767.0844,  ..., 855.9733, 842.6400, 833.7511],
          [749.3066, 753.7511, 753.7511,  ..., 847.0844, 851.5289, 860.4178],
          ...,
          [469.3067, 429.3067, 402.6400,  ..., 447.0845, 469.3067, 487.0845],
          [407.0845, 384.8622, 389.3067,  ..., 429.3067, 442.6400, 478.1956],
          [473.7511, 478.1956, 487.0845,  ..., 398.1956, 424.8622, 442.6400]]]],
       device='cuda:0')
torch.Size([1, 500, 3])
tensor([[[ 0.1260, -0.0627,  0.9120],
         [ 0.0061, -0.0153,  0.9208],
         [ 0.1423, -0.0022,  0.9291],
         ...,
         [ 0.1012, -0.0379,  0.8734],
         [ 0.1037, -0.0608,  0.8784],
         [ 0.1000,  0.0119,  0.9541]]], device='cuda:0')
torch.Size([1, 500, 3])
tensor([[[ 0.0301, -0.0140, -0.0706],
         [-0.0410, -0.0300,  0.0362],
         [ 0.0020,  0.0446, -0.0705],
         ...,
         [-0.0194, -0.0302, -0.0703],
         [ 0.0010, -0.0419, -0.0710],
         [-0.0083,  0.0498, -0.0207]]], device='cuda:0')
torch.Size([1, 1])
tensor([[-1]], device='cuda:0')
